583,462,-1492,604,521,-1520,625,528,-1519,642,535,-1520,548,508,-1479,533,507,-1479,518,506,-1480,679,543,-1332,518,509,-1137,627,438,-1395,563,420,-1339,867,363,-1105,479,333,-740,936,7,-993,349,45,-577,941,-268,-999,243,-177,-796,962,-335,-1061,194,-239,-830,926,-338,-1109,212,-231,-933,906,-313,-1018,246,-214,-846,838,-104,-128,596,-103,130,808,-545,43,560,-550,367,806,-911,700,575,-921,813,822,-962,742,586,-969,847,740,-1053,293,580,-1074,367,
809,582,-549,828,605,-564,838,604,-563,848,603,-564,803,603,-535,795,601,-535,786,600,-535,873,586,-479,791,583,-346,829,552,-510,799,551,-470,1008,411,-346,724,416,-237,1083,160,-226,677,203,-78,1059,-42,-287,622,29,-244,1077,-109,-343,590,-10,-303,1044,-113,-408,606,-7,-394,1031,-85,-316,621,6,-291,955,29,-35,782,38,35,937,-364,3,743,-349,-1,948,-716,280,753,-710,131,952,-758,295,759,-756,130,921,-829,-29,768,-816,-263,
834,591,-626,855,618,-629,866,618,-629,878,617,-629,828,618,-597,820,618,-597,813,617,-597,905,603,-493,820,604,-345,856,560,-565,825,562,-522,1036,432,-363,761,442,-187,1108,197,-306,716,243,-94,1074,12,-456,683,91,-297,1078,-46,-516,655,49,-360,1047,-36,-579,664,51,-411,1037,-11,-483,678,62,-326,981,52,-33,818,67,34,962,-241,-168,767,-233,-66,978,-552,139,798,-567,68,978,-592,163,811,-608,70,968,-657,-97,808,-673,-223,
863,612,-957,882,637,-928,892,637,-928,902,636,-928,853,637,-916,844,635,-916,834,634,-917,922,621,-645,828,620,-598,883,582,-851,847,582,-832,1045,451,-445,759,437,-342,1125,223,-340,722,213,-227,1123,26,-631,665,43,-487,1137,-36,-710,632,-1,-465,1106,-35,-769,637,-2,-435,1092,-10,-666,653,18,-527,999,51,-44,826,50,44,1043,-223,-437,793,-240,-202,1043,-536,87,843,-561,182,1044,-578,122,858,-601,205,1032,-635,-212,847,-665,-154,
872,608,-924,889,636,-895,899,635,-895,909,635,-895,859,635,-897,849,634,-897,839,632,-897,921,622,-616,825,621,-622,889,579,-811,849,576,-813,1034,469,-378,754,442,-397,1119,257,-197,722,214,-294,1142,55,-408,682,35,-530,1162,1,-474,651,-9,-560,1133,-4,-562,667,-13,-618,1116,14,-449,682,8,-571,993,80,-15,833,73,15,1035,-189,-263,818,-213,-137,1053,-491,181,880,-521,120,1052,-530,212,893,-559,132,1048,-596,-77,898,-623,-192,
871,611,-833,887,637,-790,897,636,-790,905,635,-790,858,637,-795,847,637,-795,837,636,-795,917,623,-492,822,622,-517,887,581,-718,849,578,-725,1019,471,-273,756,447,-321,1109,270,-125,723,236,-261,1135,71,-365,682,64,-541,1161,15,-442,649,20,-582,1134,5,-527,662,17,-669,1116,21,-407,681,34,-582,984,84,-6,821,82,7,1028,-115,-460,779,-131,-457,1043,-414,12,849,-447,-150,1039,-455,45,865,-483,-134,1049,-516,-237,864,-562,-483,
855,611,-517,875,635,-481,885,634,-481,895,632,-481,844,639,-479,834,639,-479,824,639,-480,909,621,-241,814,625,-233,874,580,-425,832,582,-423,1007,469,-97,745,453,-112,1092,266,-12,703,244,-66,1117,63,-245,672,67,-277,1148,7,-311,641,27,-340,1116,-2,-387,660,20,-416,1097,16,-281,678,33,-314,975,87,5,809,84,-5,1018,-163,-371,816,-173,-198,1032,-451,166,873,-476,34,1030,-486,195,881,-515,45,1027,-557,-96,893,-570,-267,
841,611,-786,859,635,-757,870,633,-757,880,632,-757,828,637,-751,819,637,-751,809,636,-752,894,619,-503,800,621,-477,860,581,-687,821,582,-678,1001,468,-315,735,451,-278,1082,262,-201,691,250,-169,1092,61,-425,667,71,-430,1125,7,-497,640,26,-555,1096,-2,-573,664,20,-624,1080,22,-461,680,35,-465,967,96,-6,798,99,7,1000,-174,-292,784,-156,-341,1011,-453,168,853,-455,-22,1013,-491,196,866,-491,-3,1001,-541,-118,873,-548,-349,
827,608,-769,844,632,-730,855,631,-731,866,630,-731,813,633,-725,804,632,-725,795,631,-725,883,619,-463,785,618,-439,847,581,-668,810,580,-660,985,466,-308,721,453,-234,1054,266,-233,670,251,-175,1030,66,-461,644,73,-464,1047,20,-560,615,27,-564,1019,18,-638,637,23,-639,1006,35,-491,654,36,-504,950,97,-8,792,104,9,945,-168,-317,714,-121,-378,983,-432,180,840,-421,7,989,-468,214,842,-452,33,982,-510,-99,855,-523,-295,
821,610,-705,841,634,-665,855,633,-665,863,632,-666,806,634,-661,796,633,-661,786,632,-661,870,621,-404,779,617,-382,845,583,-607,802,581,-601,960,465,-274,716,450,-180,1032,266,-231,660,246,-105,981,72,-480,624,77,-404,992,29,-619,592,35,-504,962,30,-672,612,32,-587,953,44,-498,632,46,-449,907,100,-15,763,107,16,891,-185,-247,684,-142,-283,920,-441,287,791,-425,86,928,-476,326,806,-455,89,900,-518,33,804,-521,-187,
816,611,-720,831,635,-678,842,635,-678,849,634,-678,802,635,-673,793,633,-673,783,632,-673,852,622,-407,771,617,-384,831,583,-619,800,581,-612,944,465,-287,708,448,-165,1012,270,-252,651,244,-79,961,80,-533,619,72,-381,971,35,-657,582,30,-480,939,36,-711,602,27,-562,931,50,-552,624,42,-426,893,102,-22,747,107,23,889,-189,-269,680,-137,-411,912,-442,253,781,-428,6,920,-477,291,800,-461,35,892,-521,-6,788,-520,-291,
804,611,-530,817,634,-495,826,634,-496,834,633,-496,790,634,-490,781,632,-490,771,631,-490,839,622,-275,757,616,-249,817,582,-448,789,580,-440,931,464,-172,690,446,-98,1001,273,-113,635,244,-4,958,82,-350,616,80,-234,970,36,-432,577,35,-310,938,37,-491,596,34,-380,929,51,-376,618,49,-270,887,96,-14,733,99,15,889,-200,-77,709,-160,-122,910,-463,340,771,-462,113,916,-496,371,779,-497,125,893,-551,113,787,-553,-153,
784,610,-664,797,633,-626,807,633,-627,816,632,-627,772,632,-619,762,631,-619,752,629,-619,827,621,-371,742,615,-335,799,582,-568,770,579,-558,918,467,-260,683,446,-98,994,278,-194,614,252,1,949,86,-409,616,142,-258,961,36,-491,615,115,-325,928,37,-549,624,130,-394,917,53,-434,627,133,-293,870,96,-39,720,100,40,874,-195,-243,704,-167,-183,888,-458,154,744,-458,61,894,-494,178,755,-496,76,868,-539,-125,741,-539,-247,
762,598,-627,777,618,-587,787,617,-587,797,616,-587,752,617,-578,743,616,-578,734,615,-578,813,603,-327,730,603,-284,778,573,-529,751,571,-516,905,460,-247,663,440,-10,990,272,-231,583,261,95,919,135,-546,492,185,-217,912,84,-632,467,155,-284,885,101,-665,463,165,-366,882,118,-561,482,173,-262,880,87,-54,720,83,55,882,-214,-238,708,-190,-260,894,-471,198,748,-468,52,898,-508,227,760,-506,72,872,-556,-79,752,-562,-251,
734,554,-572,753,578,-546,764,578,-546,775,577,-546,728,580,-536,719,580,-536,710,580,-537,798,562,-346,710,571,-299,749,526,-496,720,528,-482,881,429,-270,648,422,-89,974,266,-484,525,259,-8,856,213,-860,346,186,-225,822,193,-942,296,158,-254,822,219,-922,305,163,-329,829,227,-860,325,168,-265,875,64,-69,721,81,70,861,-203,-98,710,-186,166,874,-443,243,745,-432,388,886,-474,268,757,-466,404,843,-519,76,735,-508,204,
697,545,-506,717,573,-480,727,573,-481,737,573,-481,690,572,-469,681,571,-469,673,570,-470,761,562,-266,675,562,-212,715,520,-422,683,516,-407,841,432,-215,638,420,44,944,271,-426,554,269,194,743,274,-809,446,242,-87,694,273,-905,400,231,-140,690,299,-887,397,241,-215,705,297,-805,424,241,-128,861,65,-63,710,76,64,873,-198,-52,724,-187,-17,889,-441,261,748,-450,252,898,-471,279,761,-483,237,851,-521,42,748,-527,9,
684,551,-491,700,577,-469,710,577,-469,721,578,-469,673,575,-456,664,574,-456,655,573,-457,740,567,-267,655,563,-208,701,525,-411,673,522,-395,815,456,-217,640,421,63,908,292,-427,575,272,323,680,310,-759,473,265,180,624,308,-849,436,264,147,620,330,-829,439,269,65,637,331,-751,461,270,140,844,69,-59,698,75,61,870,-185,10,724,-187,-51,888,-424,299,744,-447,179,896,-453,315,756,-481,172,866,-505,53,749,-525,-88,
669,547,-486,686,568,-469,696,568,-469,707,569,-470,659,567,-450,650,567,-449,642,566,-450,725,562,-282,645,558,-194,688,522,-411,659,519,-386,792,465,-241,630,416,99,850,292,-427,579,268,187,629,319,-670,500,235,34,578,312,-729,481,216,-79,573,330,-684,471,227,-197,593,334,-634,489,235,-33,832,73,-69,692,73,70,864,-182,21,722,-191,134,882,-416,371,740,-446,357,893,-446,394,751,-478,369,859,-496,150,739,-527,107,
655,529,-502,669,552,-479,679,553,-479,689,555,-480,640,549,-466,629,548,-466,619,547,-466,702,548,-277,614,537,-213,673,505,-423,642,498,-405,766,457,-254,609,400,60,807,287,-522,516,267,288,599,315,-877,360,255,190,551,304,-967,303,243,175,542,319,-929,295,251,87,562,323,-864,312,250,147,817,73,-79,695,71,80,854,-181,-36,723,-187,89,886,-409,328,755,-427,309,898,-438,352,768,-459,321,866,-482,95,757,-498,62,
634,525,-490,647,549,-470,657,550,-471,668,552,-471,619,544,-455,611,542,-455,602,541,-455,685,546,-277,600,533,-207,656,505,-414,627,497,-394,758,458,-258,599,399,51,791,288,-474,535,266,-22,606,325,-766,424,284,-597,556,321,-853,379,283,-681,550,338,-924,378,295,-728,563,337,-772,397,296,-635,806,85,-74,688,77,75,846,-164,-18,706,-178,38,870,-385,327,748,-405,276,885,-412,350,762,-433,291,845,-457,108,750,-479,36,
632,530,-481,642,552,-461,652,554,-461,662,556,-461,614,548,-443,604,546,-443,594,545,-444,677,550,-265,589,535,-186,652,510,-403,620,502,-381,743,467,-265,589,402,79,790,297,-537,546,265,-75,585,334,-856,439,277,-707,530,327,-956,394,273,-799,517,344,-926,390,284,-848,533,345,-842,411,286,-747,797,104,-84,687,90,85,829,-156,-67,665,-173,25,853,-374,327,727,-397,323,870,-401,356,745,-421,344,825,-449,111,730,-479,90,
613,521,-492,627,542,-472,637,544,-472,647,546,-473,600,540,-455,591,540,-455,583,539,-456,666,543,-280,585,533,-203,636,503,-416,605,498,-395,736,466,-286,578,402,63,782,298,-537,507,264,86,584,320,-876,368,265,-357,539,303,-977,320,255,-409,525,320,-942,311,264,-495,541,325,-863,326,265,-410,789,100,-88,681,90,89,819,-157,-89,671,-170,77,853,-373,352,730,-394,396,871,-398,388,747,-419,419,830,-447,160,734,-473,170,
614,508,-494,625,531,-477,636,533,-477,645,535,-477,595,529,-470,585,528,-470,575,528,-471,659,532,-291,572,521,-249,636,489,-420,600,484,-413,731,459,-296,559,393,-4,787,295,-524,497,254,-225,590,325,-827,392,254,-836,536,316,-917,348,247,-927,524,330,-885,343,254,-960,541,332,-813,365,255,-868,789,98,-86,676,89,87,824,-159,-46,665,-172,135,852,-373,381,723,-390,500,869,-400,413,739,-415,528,825,-448,182,728,-467,293,
607,506,-441,621,530,-419,632,532,-419,642,534,-419,590,528,-402,580,528,-402,571,528,-402,658,530,-239,569,521,-162,631,487,-369,594,482,-348,732,457,-275,559,387,33,800,296,-551,504,243,-203,603,325,-839,417,282,-775,543,318,-926,380,270,-871,534,336,-877,381,287,-883,553,337,-819,404,291,-798,792,97,-88,669,88,88,820,-155,-201,629,-154,-238,843,-360,328,721,-370,211,860,-385,378,741,-390,253,814,-437,147,720,-458,49,
609,510,-447,624,535,-430,634,537,-430,644,539,-430,592,532,-413,583,532,-413,575,532,-413,660,534,-255,572,524,-178,632,490,-378,597,485,-356,737,458,-271,566,392,50,809,301,-521,518,244,-84,614,312,-822,420,268,-580,562,300,-909,375,256,-661,555,318,-869,370,269,-707,572,322,-806,394,273,-612,789,98,-87,668,87,88,821,-141,-42,661,-157,115,848,-349,328,722,-372,375,864,-373,366,743,-398,395,822,-424,133,724,-447,166,
604,502,-570,620,528,-552,631,531,-552,641,534,-553,588,524,-535,579,524,-535,570,524,-535,657,531,-366,569,518,-285,627,482,-494,591,477,-470,739,451,-334,567,387,-9,810,300,-518,511,234,199,645,262,-872,387,231,72,599,252,-967,338,221,50,585,272,-942,322,233,-34,599,275,-864,343,233,32,788,89,-89,670,82,89,804,-145,-96,664,-140,66,833,-345,425,714,-355,473,850,-367,473,731,-382,510,809,-421,285,710,-433,293,
603,493,-571,617,520,-552,628,523,-552,639,525,-552,586,516,-531,577,515,-531,567,515,-532,656,523,-365,568,510,-273,628,471,-495,591,466,-468,744,431,-324,571,385,4,898,295,-467,522,235,222,825,211,-789,398,209,77,808,181,-859,373,189,60,778,206,-854,334,203,-13,778,212,-793,360,204,41,785,66,-126,670,79,127,681,-112,-314,594,-21,-21,744,-241,179,703,-205,325,772,-243,228,732,-222,361,732,-335,218,679,-312,243,
610,496,-615,625,530,-602,636,533,-602,646,535,-603,591,525,-585,577,525,-585,574,525,-586,663,530,-429,579,516,-352,634,474,-543,599,471,-520,752,432,-287,574,390,-189,936,297,-167,547,224,-448,1103,217,-319,552,252,-1017,1172,196,-343,558,257,-1096,1176,216,-404,554,282,-1096,1126,232,-346,560,282,-1029,784,66,-73,652,75,73,717,-162,-168,613,-157,27,789,-351,209,692,-358,508,809,-375,250,711,-379,550,771,-432,122,690,-450,325,
659,497,-873,674,530,-855,685,534,-855,694,537,-855,642,532,-855,629,535,-855,620,537,-855,704,531,-614,609,532,-616,676,477,-773,641,482,-773,789,432,-371,571,407,-438,962,301,-222,506,234,-711,1153,232,-392,589,275,-1207,1216,215,-425,629,259,-1284,1220,233,-496,644,283,-1274,1202,240,-423,634,291,-1207,786,67,-16,645,72,17,739,-180,-2,627,-184,128,803,-392,382,670,-390,506,813,-425,407,675,-421,536,785,-472,165,689,-470,272,
705,501,-848,721,532,-823,732,534,-823,741,535,-823,685,533,-832,673,535,-832,662,539,-832,745,530,-568,644,535,-617,719,480,-744,684,483,-757,811,425,-362,571,415,-465,982,300,-109,486,239,-770,1178,256,-215,631,275,-1201,1237,238,-217,681,258,-1261,1240,242,-284,696,282,-1234,1222,243,-243,685,288,-1191,787,62,24,640,66,-22,753,-199,-20,631,-198,-105,799,-431,312,640,-430,112,801,-465,321,634,-466,120,787,-518,49,668,-507,-194,
717,509,-857,739,538,-828,751,537,-828,760,537,-828,704,544,-837,694,548,-837,684,552,-837,769,531,-556,677,548,-602,735,480,-747,696,493,-760,835,423,-315,576,425,-475,1000,300,-101,495,241,-887,1195,266,-215,644,305,-1429,1245,241,-212,693,302,-1511,1248,245,-277,706,328,-1470,1231,248,-240,697,330,-1417,789,54,34,636,58,-33,771,-221,-34,624,-212,-172,786,-459,321,619,-455,82,784,-493,325,613,-494,93,775,-548,71,645,-534,-244,
759,520,-837,774,548,-804,782,546,-803,790,545,-804,740,555,-819,727,558,-819,715,562,-819,794,538,-516,696,557,-586,773,490,-721,733,500,-741,854,423,-224,588,436,-446,1014,300,39,501,244,-815,1198,268,-89,665,300,-1350,1248,242,-95,719,293,-1436,1249,248,-168,726,322,-1412,1230,252,-120,715,326,-1345,791,55,40,637,59,-38,771,-215,82,629,-208,-8,792,-455,432,628,-450,346,791,-493,446,621,-491,367,780,-541,143,651,-528,-87,
769,520,-794,781,548,-761,789,546,-761,796,545,-761,750,554,-750,738,557,-750,725,560,-750,796,538,-405,701,554,-513,778,490,-650,741,500,-680,862,423,-84,596,432,-408,1029,302,127,552,232,-695,1198,259,-42,762,266,-1092,1247,229,-62,817,248,-1169,1243,225,-129,830,269,-1162,1224,229,-73,812,279,-1088,795,54,40,640,59,-38,779,-207,-246,620,-201,-373,795,-441,57,621,-451,-115,796,-476,69,618,-493,-103,777,-529,-241,637,-531,-457,
786,520,-763,799,548,-736,807,546,-736,814,545,-735,767,554,-723,755,557,-723,742,559,-723,812,538,-367,717,554,-490,796,490,-618,759,497,-660,879,416,-50,612,431,-375,1039,303,165,551,228,-715,1197,258,-20,752,265,-1193,1247,223,-45,801,247,-1287,1241,220,-114,818,268,-1279,1218,227,-53,802,279,-1192,798,41,55,642,51,-53,796,-223,120,630,-216,-103,800,-465,475,634,-465,222,798,-504,491,629,-508,236,782,-550,168,650,-542,-248,
821,523,-682,834,551,-639,842,550,-638,848,549,-638,804,558,-654,791,561,-654,778,564,-654,844,544,-317,752,559,-412,830,495,-552,793,501,-583,894,418,-38,633,445,-358,1048,303,150,548,253,-632,1184,258,-83,753,277,-1135,1238,225,-130,807,258,-1234,1233,226,-192,826,283,-1222,1209,233,-115,811,292,-1134,801,43,41,643,52,-38,797,-222,122,631,-218,185,797,-463,499,631,-460,632,793,-504,518,625,-501,664,783,-547,202,649,-541,308,
837,532,-685,850,562,-645,858,561,-645,864,560,-645,820,568,-664,807,571,-663,795,575,-664,861,554,-344,766,572,-467,843,505,-564,807,509,-595,904,419,-46,640,450,-412,1050,296,83,594,245,-683,1194,252,-181,822,273,-1054,1236,226,-226,885,255,-1140,1234,230,-278,899,277,-1141,1207,236,-209,876,289,-1062,805,45,65,643,53,-63,798,-220,63,634,-218,87,798,-464,492,628,-464,460,793,-507,460,618,-506,483,786,-548,101,649,-546,152,
857,520,-801,873,553,-764,880,552,-764,886,552,-764,841,558,-790,828,562,-790,815,565,-791,883,548,-458,790,568,-572,863,494,-676,826,495,-708,928,407,-88,668,448,-496,1077,283,24,604,226,-811,1221,253,-182,842,261,-1165,1270,233,-217,909,248,-1246,1268,242,-271,928,269,-1228,1237,241,-210,902,281,-1156,810,32,58,644,45,-56,799,-245,121,635,-239,187,789,-493,501,620,-485,627,780,-537,514,607,-526,660,786,-575,199,647,-571,322,
867,520,-783,884,552,-756,892,552,-756,899,552,-757,854,558,-759,841,562,-759,829,565,-759,898,547,-448,803,565,-524,873,494,-667,837,495,-679,942,408,-111,675,447,-432,1100,282,17,589,226,-735,1234,270,-131,814,269,-1089,1276,265,-146,878,257,-1175,1273,272,-182,889,281,-1131,1244,266,-152,867,289,-1124,823,28,50,652,42,-48,810,-255,107,640,-245,156,792,-506,479,622,-488,543,785,-548,498,610,-528,571,786,-590,199,643,-575,240,
862,563,-758,877,594,-735,885,593,-736,892,593,-736,844,595,-750,831,596,-749,818,598,-749,891,584,-438,796,591,-515,872,538,-649,835,540,-670,949,433,-120,671,465,-416,1087,282,3,584,251,-685,1249,239,-159,802,232,-1043,1294,220,-185,824,215,-1108,1293,231,-234,832,245,-1084,1264,228,-184,815,253,-1055,832,30,47,663,48,-45,829,-246,81,648,-238,125,809,-501,474,626,-489,513,803,-542,491,615,-531,541,791,-592,173,645,-576,235,
840,581,-538,858,608,-514,867,607,-514,876,606,-514,824,612,-517,811,615,-517,799,617,-517,881,598,-318,777,609,-327,852,553,-462,813,558,-463,945,451,-122,664,463,-205,1068,283,-65,582,252,-256,1178,220,-365,637,129,-583,1209,167,-454,625,79,-657,1202,192,-516,665,94,-710,1174,198,-399,675,118,-610,849,51,21,692,63,-19,854,-222,83,682,-237,191,827,-463,445,664,-473,514,819,-499,465,659,-508,540,816,-558,218,678,-568,289,
837,572,-391,852,601,-371,859,601,-371,867,600,-371,821,604,-374,808,606,-374,795,608,-374,869,591,-199,775,599,-207,844,545,-321,811,549,-323,932,452,-92,662,455,-90,1060,285,-69,579,259,-66,1133,202,-369,583,106,-261,1175,177,-442,575,62,-301,1158,189,-498,600,60,-349,1126,200,-399,613,78,-282,855,51,12,693,63,-10,851,-225,86,689,-237,186,830,-466,436,672,-478,311,827,-501,459,669,-511,326,819,-558,260,687,-573,114,
805,572,-455,819,602,-433,829,602,-433,839,601,-433,786,603,-430,776,604,-430,763,605,-430,847,590,-219,742,594,-198,821,544,-369,781,546,-363,931,455,-109,661,447,1,1051,284,-215,578,258,-275,947,237,-571,560,336,-946,907,200,-647,542,353,-1058,891,228,-663,565,394,-1061,901,249,-578,575,373,-966,853,51,-18,688,60,20,846,-225,5,683,-234,184,828,-470,264,668,-479,416,826,-504,276,665,-513,426,808,-562,10,679,-570,182,
764,568,-386,779,597,-375,790,597,-376,801,596,-376,746,601,-366,734,604,-365,722,602,-366,813,587,-205,710,592,-155,780,540,-312,744,543,-298,891,464,-114,657,444,41,991,284,-251,586,270,-58,831,273,-527,534,308,-545,780,253,-594,491,321,-622,769,286,-586,494,342,-653,779,295,-521,512,333,-571,849,52,-39,685,60,40,843,-224,-3,679,-229,61,831,-466,271,666,-476,247,836,-496,289,666,-511,258,806,-556,67,656,-566,42,
724,545,-421,741,570,-410,751,570,-410,762,572,-410,712,570,-389,702,570,-389,692,570,-389,783,570,-241,692,566,-139,744,522,-349,714,513,-320,854,464,-255,656,433,116,917,303,-487,584,282,71,677,306,-669,517,305,-321,611,288,-740,478,311,-375,595,310,-695,486,323,-398,613,315,-646,511,318,-343,846,51,-97,687,56,99,842,-226,-46,684,-229,219,833,-465,303,692,-472,462,846,-495,325,703,-503,483,802,-551,89,671,-555,270,
708,532,-347,726,555,-332,736,556,-332,747,557,-332,697,555,-320,687,555,-320,677,554,-320,768,553,-177,679,548,-116,725,507,-282,696,500,-265,828,463,-219,652,411,58,856,302,-378,596,271,-47,652,333,-526,554,263,-430,594,335,-588,540,248,-497,590,355,-597,551,262,-518,608,353,-520,565,266,-450,842,51,-64,688,51,66,841,-226,57,698,-229,174,835,-463,308,709,-471,333,847,-492,334,719,-501,345,805,-545,161,697,-551,172,
698,525,-386,715,548,-371,725,549,-371,735,550,-371,686,548,-356,676,548,-356,666,548,-357,750,545,-201,665,542,-132,713,501,-317,685,495,-297,806,461,-217,649,401,81,826,301,-410,609,252,-19,621,352,-549,562,253,-446,570,357,-616,550,239,-517,563,375,-582,554,302,-546,580,372,-530,569,299,-472,823,56,-73,687,55,74,820,-217,21,694,-218,194,823,-452,258,699,-455,355,840,-484,274,709,-484,369,791,-524,68,695,-531,172,
694,512,-258,713,538,-238,723,539,-239,734,539,-239,683,538,-216,674,538,-216,665,537,-217,748,530,-97,668,529,4,712,485,-201,681,480,-172,789,448,-214,653,383,200,770,327,-500,612,246,42,589,352,-649,565,175,-354,536,347,-732,544,158,-418,527,363,-681,556,197,-446,546,362,-629,564,186,-379,807,58,-118,691,55,119,816,-217,-135,667,-198,-31,823,-452,42,713,-450,126,842,-487,51,735,-482,138,779,-523,-149,691,-527,-37,
684,503,-356,702,531,-334,714,532,-334,725,533,-334,672,529,-320,662,528,-320,652,527,-320,742,522,-162,656,517,-89,703,476,-287,671,468,-269,778,435,-258,653,376,82,763,335,-623,618,241,-187,575,386,-825,559,179,-725,524,393,-920,539,160,-819,518,403,-866,548,219,-841,537,396,-808,561,213,-751,803,54,-103,692,51,104,815,-230,-93,661,-207,26,825,-463,130,707,-456,236,843,-498,150,724,-485,251,780,-525,-33,692,-528,27,
673,496,-376,692,524,-353,703,524,-353,714,525,-353,662,522,-337,652,521,-337,642,520,-338,733,518,-178,646,513,-101,692,470,-307,661,463,-287,776,434,-247,650,378,62,775,335,-579,620,241,-235,565,406,-745,563,276,-790,511,411,-829,544,282,-890,503,424,-773,547,303,-892,522,418,-723,561,298,-808,805,60,-89,693,54,90,818,-218,-58,650,-204,-56,832,-445,222,704,-451,186,848,-476,250,718,-478,203,795,-515,6,690,-529,-36,
676,497,-364,694,525,-339,705,526,-339,715,527,-339,663,523,-320,653,522,-320,642,520,-320,733,521,-176,643,513,-91,695,471,-300,662,463,-275,782,431,-276,647,380,64,745,351,-613,619,257,-148,554,401,-777,546,261,-561,503,403,-866,525,247,-650,494,413,-813,515,270,-668,514,407,-759,547,261,-585,803,61,-92,694,59,93,771,-128,-234,634,-72,-288,797,-302,226,701,-296,125,817,-324,262,721,-321,162,767,-384,121,666,-396,-8,
674,492,-337,691,522,-304,702,523,-304,712,524,-304,662,519,-285,653,519,-285,643,518,-286,731,519,-123,644,510,-38,694,470,-270,661,460,-246,784,425,-265,635,374,92,734,347,-600,601,243,-165,524,398,-776,533,227,-695,459,399,-867,507,204,-807,450,411,-819,516,218,-821,468,408,-757,538,222,-721,805,61,-90,693,56,91,796,-138,-187,619,-123,-481,813,-350,207,699,-355,-161,826,-380,235,722,-384,-135,790,-430,9,676,-410,-392,
671,487,-354,690,518,-320,701,519,-321,711,520,-321,658,516,-315,648,515,-315,638,515,-315,730,515,-128,638,508,-75,692,464,-279,660,456,-269,791,422,-263,622,377,71,763,317,-594,586,237,-299,537,397,-749,523,280,-908,471,402,-823,507,282,-1011,459,423,-772,514,297,-994,480,418,-726,526,311,-922,816,60,-61,694,46,63,851,-195,-51,690,-206,-160,867,-426,310,723,-442,62,880,-458,331,733,-477,97,838,-515,60,731,-516,-144,
678,487,-546,697,517,-526,708,518,-526,718,519,-526,665,517,-492,655,517,-492,645,517,-492,734,514,-344,642,511,-181,698,462,-475,665,457,-430,799,407,-444,633,377,62,724,318,-822,586,229,-210,490,397,-957,517,160,-797,426,403,-1052,507,125,-892,419,420,-996,511,123,-919,435,416,-936,512,145,-828,824,46,-95,702,36,97,865,-244,-70,706,-235,-124,875,-495,242,722,-499,99,892,-534,252,731,-544,111,832,-584,-61,722,-580,-217,
678,485,-596,698,515,-580,710,516,-580,720,518,-579,667,514,-544,657,515,-544,648,515,-544,738,515,-397,642,512,-229,701,460,-525,667,454,-478,802,406,-466,639,378,50,739,313,-816,590,224,-85,505,398,-980,519,134,-595,432,406,-1073,516,95,-665,422,428,-1016,518,101,-703,441,423,-957,523,107,-627,828,36,-101,706,28,102,873,-250,98,707,-252,294,892,-493,516,734,-496,638,912,-533,543,742,-536,665,850,-577,245,741,-581,362,
676,475,-519,696,507,-499,707,509,-500,717,511,-499,665,506,-476,657,507,-476,649,507,-477,739,510,-337,645,507,-131,700,451,-447,667,444,-463,818,408,-424,642,374,131,837,253,-813,612,202,-124,551,386,-994,526,254,-829,493,398,-1073,520,197,-921,483,417,-1007,523,267,-913,499,416,-964,530,269,-850,843,24,-120,709,11,122,890,-268,90,718,-281,451,918,-512,531,756,-518,856,941,-554,559,764,-554,890,874,-590,239,763,-608,575,
673,509,-406,695,541,-465,706,543,-465,717,544,-465,667,541,-377,658,541,-377,652,542,-377,740,535,-402,669,535,-96,698,483,-407,668,484,-309,840,419,-469,648,375,181,952,218,-700,635,201,30,682,312,-705,541,261,-607,602,330,-754,515,256,-672,603,359,-690,513,287,-694,628,354,-666,531,260,-641,851,20,-159,712,16,161,880,-270,17,708,-283,462,898,-530,434,745,-536,838,920,-578,459,760,-576,865,866,-600,129,743,-622,571,
695,550,-519,715,582,-523,726,583,-523,737,583,-523,680,581,-484,669,581,-484,661,581,-485,763,574,-368,670,571,-196,722,520,-454,681,517,-404,858,442,-311,647,420,174,967,240,-532,598,263,196,860,276,-962,500,259,-106,829,280,-1054,457,259,-136,823,321,-1047,456,277,-195,829,319,-964,477,266,-139,847,33,-136,712,41,138,865,-240,-26,714,-247,370,879,-473,347,746,-478,754,907,-512,375,760,-521,785,832,-548,121,737,-551,548,
692,546,-515,713,578,-524,725,579,-524,737,579,-524,678,577,-496,668,577,-496,660,578,-496,762,573,-394,670,573,-268,721,517,-454,679,517,-415,854,454,-300,645,436,41,983,278,-489,598,300,633,1004,301,-930,511,271,1135,1010,302,-994,477,265,1224,1005,336,-1024,480,272,1187,988,333,-952,498,269,1133,845,45,-127,711,63,128,849,-198,-18,709,-181,392,854,-397,319,741,-387,789,871,-426,351,754,-424,824,810,-471,178,704,-450,673,
691,539,-602,712,570,-586,725,571,-586,737,572,-586,676,570,-567,666,570,-567,657,570,-567,762,566,-392,662,565,-293,721,511,-520,677,511,-493,849,452,-260,626,430,-38,1013,297,-268,565,251,-174,1142,291,-520,587,288,-698,1176,281,-573,616,301,-765,1174,300,-614,619,331,-754,1153,297,-541,621,322,-702,844,48,-125,710,59,125,857,-200,-63,708,-225,296,861,-434,253,738,-454,687,877,-462,268,753,-485,751,830,-518,-12,715,-534,389,
693,536,-551,712,566,-547,725,567,-548,736,569,-548,676,566,-519,666,567,-519,657,567,-519,753,563,-270,657,560,-269,721,509,-507,677,509,-449,840,451,-105,607,423,-79,979,322,-43,559,247,-318,1094,281,-381,613,281,-906,1145,255,-467,647,282,-1014,1122,252,-540,655,307,-1032,1103,257,-418,652,302,-923,839,58,-47,701,63,49,847,-199,-27,685,-220,176,849,-431,300,712,-445,476,858,-459,315,721,-474,501,827,-512,46,714,-524,216,
696,539,-533,712,567,-539,724,568,-539,735,568,-539,679,567,-502,668,567,-502,659,568,-502,748,561,-232,657,559,-256,721,513,-467,678,514,-433,835,449,-21,606,428,-121,973,323,80,553,248,-422,1092,288,-234,667,291,-980,1130,265,-308,715,282,-1086,1108,265,-376,728,306,-1083,1095,270,-268,716,309,-985,834,65,3,687,66,-1,844,-197,-14,675,-213,113,843,-435,300,694,-446,435,846,-465,315,695,-476,457,826,-515,37,715,-525,154,
708,542,-529,725,568,-497,735,568,-497,743,568,-496,695,569,-494,685,570,-494,676,571,-494,757,560,-193,667,562,-248,728,518,-421,688,521,-424,834,443,53,607,435,-136,958,321,175,547,254,-475,1073,294,-153,663,299,-1064,1114,278,-221,709,289,-1169,1105,285,-281,724,315,-1170,1090,288,-185,711,319,-1071,828,66,31,670,65,-29,841,-196,13,675,-208,64,844,-437,296,693,-446,356,846,-468,307,691,-477,374,831,-517,20,719,-526,55,
729,545,-538,748,570,-499,757,570,-499,765,569,-499,723,573,-510,714,575,-510,705,577,-510,782,560,-202,697,569,-266,746,523,-422,712,527,-439,834,440,61,613,454,-186,952,315,224,552,280,-529,1075,292,-55,686,305,-1074,1116,273,-114,736,292,-1176,1107,289,-186,750,316,-1181,1094,291,-93,738,321,-1081,818,75,43,664,71,-40,828,-188,15,668,-190,41,831,-436,271,684,-434,322,830,-468,276,679,-463,337,828,-511,-28,716,-512,-1,
773,558,-501,787,579,-445,794,577,-445,800,576,-445,759,584,-490,748,585,-489,739,587,-490,801,565,-123,724,577,-270,782,533,-370,751,537,-428,834,440,155,626,469,-259,950,310,255,598,297,-588,1073,268,-64,804,302,-960,1120,249,-131,866,288,-1047,1108,266,-190,881,309,-1048,1091,269,-100,858,313,-959,813,72,77,664,69,-75,823,-190,45,670,-193,-4,826,-435,286,681,-434,270,822,-470,278,671,-466,283,832,-506,5,721,-508,-55,
791,556,-424,801,579,-372,807,578,-372,812,577,-372,777,583,-415,767,585,-415,756,587,-416,808,567,-57,736,579,-247,796,532,-299,770,536,-355,834,442,218,660,469,-256,932,309,209,645,301,-600,1054,275,-192,850,309,-926,1092,254,-268,902,290,-1010,1089,274,-311,919,309,-1006,1067,276,-224,899,316,-922,812,71,92,668,69,-90,824,-192,46,671,-195,-39,825,-436,275,680,-435,233,821,-471,274,669,-468,247,832,-507,-14,720,-510,-83,
816,557,-426,824,579,-367,830,578,-367,835,577,-367,802,583,-408,792,585,-408,782,587,-409,831,567,-20,765,578,-214,822,532,-292,797,535,-346,834,441,310,692,474,-246,912,300,257,650,301,-604,1031,278,-191,846,313,-921,1060,262,-267,901,293,-1005,1057,282,-302,915,309,-993,1045,301,-221,897,318,-913,806,71,141,675,69,-140,824,-193,94,682,-197,-223,826,-436,314,680,-445,-85,825,-471,312,665,-481,-84,856,-508,63,721,-518,-414,
816,556,-436,828,579,-386,835,578,-387,840,577,-387,805,582,-418,794,584,-418,785,586,-419,837,566,-76,766,578,-214,821,531,-315,795,535,-355,840,442,207,695,473,-217,928,306,358,657,308,-502,1078,270,101,821,299,-865,1145,246,47,866,285,-947,1144,252,-36,877,299,-953,1119,260,56,861,309,-866,808,86,108,686,81,-107,832,-165,69,690,-174,-164,827,-402,307,682,-423,-23,825,-435,307,670,-459,-21,853,-483,60,719,-496,-335,
811,558,-418,822,579,-371,829,578,-371,835,577,-372,799,583,-399,790,585,-399,780,586,-399,834,566,-82,761,577,-204,818,533,-305,793,536,-340,842,442,184,696,470,-204,910,318,264,660,302,-372,1025,303,-35,800,221,-533,1091,293,-104,833,189,-596,1100,296,-165,849,203,-621,1076,295,-73,840,214,-540,808,102,112,693,93,-111,834,-145,92,689,-156,-144,819,-371,328,660,-393,-9,805,-402,334,641,-426,-4,851,-454,133,697,-471,-281,
804,557,-424,813,577,-370,820,576,-370,827,575,-370,790,581,-399,781,582,-399,772,582,-399,827,564,-63,752,571,-200,812,532,-310,786,535,-346,839,435,220,690,464,-207,910,325,353,636,301,-415,1027,307,94,787,216,-671,1079,301,36,814,179,-745,1081,305,-36,833,194,-754,1061,299,52,826,204,-676,806,96,137,697,93,-136,848,-152,97,692,-168,-186,817,-383,325,658,-413,-77,797,-416,332,635,-451,-78,852,-466,119,699,-492,-377,
797,556,-397,807,578,-353,816,577,-353,826,576,-354,783,581,-386,774,581,-386,765,582,-386,814,566,-83,747,571,-224,805,532,-295,779,534,-337,828,439,167,668,462,-214,899,348,163,591,325,-459,893,357,-100,676,275,-685,878,361,-157,695,239,-779,873,372,-175,720,244,-794,871,365,-17,711,259,-687,805,114,111,691,99,-110,845,-120,72,691,-143,-129,819,-341,263,660,-379,-8,803,-372,272,641,-414,-6,850,-422,103,700,-455,-272,
712,561,-387,729,581,-355,739,580,-355,750,580,-355,710,582,-354,705,582,-354,699,582,-354,774,569,-139,703,571,-138,727,540,-305,703,541,-309,822,448,-86,631,459,-7,899,345,-238,534,317,-222,803,339,-481,577,313,-632,771,316,-538,595,312,-707,754,338,-508,606,331,-689,762,345,-464,607,329,-633,797,109,0,661,103,0,812,-136,-38,661,-147,-118,809,-364,291,663,-386,107,806,-394,322,659,-416,123,794,-443,113,683,-464,-114,
655,554,-374,678,574,-355,687,575,-356,697,575,-356,657,576,-335,652,576,-335,647,577,-335,724,567,-186,662,568,-90,675,533,-306,650,532,-280,798,454,-168,604,447,130,877,340,-307,535,305,82,753,311,-620,498,303,-359,718,291,-704,468,296,-430,709,313,-688,470,312,-455,715,323,-612,485,316,-381,790,104,-65,643,100,66,808,-144,-226,619,-144,-189,807,-364,251,663,-381,141,808,-389,294,667,-407,172,786,-441,107,668,-461,-41,
630,541,-452,643,563,-430,652,565,-431,661,566,-431,617,561,-411,608,560,-411,600,559,-411,674,561,-235,596,550,-119,649,520,-378,621,514,-353,762,456,-174,574,420,23,836,332,-400,538,287,-140,683,325,-759,509,305,-650,644,320,-848,484,302,-766,638,341,-819,486,315,-795,647,342,-748,500,316,-688,777,102,-39,631,97,40,806,-147,-161,634,-150,-214,811,-369,214,669,-389,31,819,-396,242,682,-417,47,797,-448,-2,674,-468,-211,
611,541,-454,623,563,-432,631,564,-432,639,566,-432,598,560,-416,589,559,-416,580,558,-416,656,560,-237,576,548,-135,630,520,-377,602,514,-357,725,466,-206,563,416,56,804,329,-443,518,283,-32,614,325,-762,462,301,-519,564,317,-847,439,297,-601,555,335,-812,438,310,-631,570,336,-747,452,311,-546,762,108,-43,622,101,44,788,-145,-102,636,-150,-168,801,-367,227,669,-393,58,812,-394,268,682,-423,70,781,-448,10,673,-471,-193,
582,530,-363,597,551,-353,606,553,-354,614,554,-354,577,549,-324,571,549,-324,566,549,-325,640,551,-210,577,543,-83,604,510,-305,581,507,-268,688,469,-259,579,421,186,741,329,-520,542,284,266,564,324,-779,467,293,39,515,311,-864,442,286,17,502,329,-818,439,294,-37,520,335,-760,451,294,8,747,109,-102,629,99,102,762,-118,-290,630,-124,-64,805,-284,192,713,-315,277,830,-299,239,737,-330,306,804,-367,82,720,-405,153,
576,517,-384,589,539,-365,599,541,-366,608,543,-366,567,536,-348,560,536,-348,554,535,-348,628,539,-215,560,529,-114,595,497,-312,572,490,-292,672,467,-255,566,407,148,718,322,-484,547,270,111,537,330,-712,462,293,-297,487,319,-792,441,285,-350,479,340,-751,440,293,-397,494,344,-694,454,296,-329,741,111,-101,633,99,102,762,-127,-164,636,-133,84,791,-306,149,709,-323,217,815,-338,162,719,-345,227,768,-397,-40,696,-429,10,
571,517,-380,585,539,-364,594,541,-364,603,543,-364,561,536,-347,554,535,-347,548,534,-347,619,538,-207,551,528,-124,589,499,-313,564,492,-294,666,465,-227,549,403,104,704,318,-415,542,267,-3,514,334,-662,470,298,-391,470,323,-724,451,287,-457,461,342,-631,450,295,-458,476,347,-630,463,299,-376,734,114,-78,630,99,78,767,-128,-15,638,-135,125,794,-329,200,703,-350,264,814,-358,194,713,-376,270,776,-405,17,696,-432,59,
578,518,-387,594,542,-364,603,543,-365,612,545,-365,568,538,-356,560,538,-356,552,537,-356,627,538,-212,551,529,-132,597,499,-321,567,492,-300,672,464,-257,549,406,107,691,319,-497,524,270,29,508,335,-743,438,283,-402,461,323,-827,412,273,-460,450,340,-786,404,282,-502,467,344,-727,422,287,-429,735,122,-80,633,101,81,773,-121,-67,647,-139,95,794,-331,187,709,-354,248,818,-358,201,723,-382,255,782,-404,10,704,-426,47,
578,512,-398,592,535,-382,600,537,-382,609,539,-382,566,532,-364,559,532,-364,552,532,-364,622,534,-214,551,525,-136,597,493,-333,568,487,-304,676,463,-236,541,401,92,703,307,-464,498,271,-116,516,333,-675,427,283,-722,465,323,-751,407,284,-807,459,341,-721,408,292,-834,473,343,-662,420,293,-752,735,120,-75,625,99,76,772,-122,-48,644,-145,105,796,-338,232,699,-360,286,817,-367,245,715,-388,294,775,-409,16,692,-434,54,
583,496,-411,595,517,-397,603,519,-397,612,521,-397,570,513,-379,562,512,-379,555,511,-380,623,518,-216,550,506,-137,603,477,-340,572,470,-313,684,447,-207,536,392,80,729,292,-450,491,260,-163,537,311,-693,442,278,-706,485,299,-759,424,283,-786,479,319,-723,426,291,-792,495,322,-676,440,292,-725,737,106,-49,616,83,51,772,-146,3,632,-163,58,794,-365,307,670,-386,266,807,-392,324,678,-416,267,777,-444,65,683,-459,-47,
581,486,-440,599,509,-425,609,509,-425,618,510,-425,571,509,-403,564,510,-403,557,510,-403,633,506,-245,558,507,-143,602,462,-370,570,461,-340,685,428,-232,542,389,72,772,275,-564,493,242,-128,569,295,-913,431,229,-615,514,290,-989,403,230,-687,508,315,-939,409,246,-713,526,315,-893,423,246,-638,742,73,-44,619,59,46,773,-177,-20,627,-185,-97,795,-397,299,652,-423,126,808,-424,318,658,-457,134,780,-483,64,663,-497,-173,
589,493,-491,606,517,-479,616,518,-479,625,519,-480,579,516,-455,571,517,-454,564,517,-455,634,512,-301,564,512,-184,610,470,-418,578,467,-385,733,431,-262,548,392,69,857,267,-489,502,241,12,629,265,-790,443,223,-439,563,259,-867,415,212,-502,554,284,-828,425,231,-530,574,287,-772,437,232,-462,752,60,-63,621,55,65,780,-187,21,628,-202,134,796,-412,397,655,-433,410,808,-443,423,662,-467,429,773,-498,164,659,-514,146,
592,513,-644,608,547,-630,616,548,-630,629,548,-630,584,545,-613,576,545,-613,568,546,-613,654,541,-432,567,537,-352,610,486,-561,583,484,-539,776,432,-326,544,394,-94,916,259,-450,495,227,-33,721,238,-730,414,164,-463,658,219,-807,372,117,-528,641,249,-774,376,139,-571,659,257,-717,397,149,-493,779,67,-62,635,61,64,811,-194,-79,630,-213,80,822,-414,416,665,-444,452,838,-446,459,681,-476,489,788,-506,234,671,-538,241,
603,521,-575,619,556,-530,629,558,-530,643,560,-531,587,552,-516,576,552,-516,569,551,-517,674,552,-383,570,541,-327,629,492,-539,591,488,-531,803,435,-257,542,384,-71,959,237,-232,478,178,-45,914,127,-378,383,67,-276,913,80,-430,342,28,-311,876,99,-444,352,43,-377,864,109,-383,382,57,-308,816,71,-57,649,60,58,832,-53,-733,583,-114,-410,848,-335,-308,659,-354,-57,854,-372,-271,680,-382,-22,847,-456,-461,646,-484,-192,
619,494,-1041,637,535,-1048,650,538,-1048,665,542,-1048,600,529,-1023,587,527,-1023,577,526,-1023,702,540,-896,575,518,-766,650,466,-973,603,456,-935,850,398,-716,545,367,-550,1020,160,-640,465,149,-486,944,9,-683,334,-13,-653,978,-62,-712,271,-65,-678,942,-58,-766,277,-59,-778,931,-42,-702,311,-49,-699,838,48,-49,667,48,50,854,-239,115,648,-253,294,874,-481,650,680,-495,712,888,-520,688,693,-534,748,843,-582,409,685,-603,447,
640,479,-1452,660,524,-1453,677,527,-1453,694,530,-1453,614,517,-1435,598,514,-1435,585,512,-1435,735,527,-1255,577,502,-1163,676,447,-1365,621,434,-1338,884,382,-1017,546,351,-886,1046,113,-881,434,93,-845,1021,-123,-878,326,-128,-963,1044,-192,-921,281,-188,-999,999,-201,-962,305,-187,-1083,981,-182,-890,335,-175,-1000,860,33,-51,675,41,53,870,-300,249,673,-297,524,896,-530,884,692,-532,1124,912,-573,928,703,-573,1175,858,-642,619,705,-645,853,
652,474,-1400,674,523,-1390,692,526,-1390,710,530,-1391,622,514,-1374,605,511,-1374,592,509,-1374,756,527,-1190,582,499,-1109,693,438,-1314,632,425,-1290,915,371,-1003,547,345,-870,1050,61,-1035,429,77,-922,1062,-180,-1155,303,-160,-1066,1093,-242,-1229,256,-212,-1124,1041,-244,-1288,281,-214,-1192,1016,-228,-1182,320,-202,-1101,878,29,-50,689,45,52,857,-226,243,618,-148,485,834,-249,1056,629,-132,1069,831,-242,1132,648,-130,1129,800,-353,1015,585,-196,1009,
655,442,-1499,679,498,-1486,698,502,-1486,715,506,-1486,624,488,-1468,609,485,-1468,596,483,-1469,761,509,-1271,590,476,-1188,697,409,-1406,634,394,-1382,941,352,-1097,548,321,-945,1037,24,-1200,431,52,-1084,1043,-253,-1364,308,-180,-1324,1073,-316,-1464,258,-226,-1412,1016,-313,-1517,286,-226,-1464,994,-295,-1393,325,-217,-1358,886,25,-50,694,45,51,855,-173,338,608,-72,581,788,-141,1216,631,-76,1225,779,-123,1303,649,-69,1293,743,-218,1195,609,-142,1171,
653,406,-1516,674,465,-1521,689,472,-1521,705,477,-1522,621,453,-1495,605,450,-1495,591,448,-1496,746,481,-1356,590,446,-1234,687,371,-1435,631,364,-1400,941,329,-1161,546,286,-974,1013,-9,-1181,413,19,-1053,1011,-277,-1317,309,-213,-1243,1032,-346,-1423,267,-262,-1330,977,-340,-1478,291,-254,-1382,960,-317,-1346,328,-243,-1275,880,1,-50,694,32,51,836,-234,398,611,-107,583,788,-178,1272,638,-227,1297,793,-223,1352,655,-236,1368,724,-347,1177,610,-310,1192,
638,405,-1573,663,463,-1586,687,468,-1586,699,472,-1586,605,452,-1553,588,450,-1554,574,447,-1555,739,475,-1413,577,444,-1264,685,373,-1487,619,362,-1445,935,323,-1156,534,273,-968,1024,-27,-1113,402,0,-1028,947,-203,-1189,313,-190,-1312,961,-264,-1264,279,-247,-1392,925,-235,-1281,301,-226,-1420,904,-213,-1194,334,-210,-1333,887,-57,-54,692,-29,55,836,-330,231,606,-264,399,789,-503,1126,640,-450,1147,805,-529,1203,659,-467,1218,743,-646,955,615,-594,969,
605,393,-1697,627,454,-1720,650,460,-1720,671,466,-1721,575,442,-1678,560,440,-1679,548,439,-1679,738,476,-1561,562,444,-1367,657,360,-1610,597,349,-1555,929,331,-1268,522,271,-1040,1014,-44,-1232,390,-8,-1078,832,-162,-1312,325,-190,-1368,771,-213,-1395,294,-246,-1454,741,-169,-1385,314,-218,-1474,754,-149,-1304,345,-200,-1384,881,-67,-56,690,-34,57,835,-327,254,567,-243,381,796,-501,1254,637,-407,1275,809,-518,1344,661,-423,1359,752,-640,1096,606,-533,1124,
587,404,-1733,609,466,-1743,631,472,-1743,654,477,-1744,550,453,-1715,534,451,-1715,521,449,-1716,725,478,-1543,525,451,-1407,640,371,-1633,576,356,-1595,909,340,-1234,502,275,-1080,1008,9,-1151,375,-14,-1130,949,-213,-1241,327,-206,-1379,954,-277,-1317,301,-257,-1457,906,-263,-1357,320,-230,-1488,891,-239,-1256,349,-213,-1399,872,-33,-44,670,-23,45,835,-289,288,562,-243,457,773,-444,1278,620,-346,1259,773,-437,1369,648,-344,1335,729,-598,1177,584,-469,1118,
576,414,-1818,601,476,-1824,623,484,-1824,646,491,-1824,536,458,-1795,517,454,-1796,503,450,-1796,712,498,-1600,492,457,-1462,626,383,-1713,560,369,-1674,900,341,-1274,476,278,-1133,1003,22,-1155,368,-7,-1051,956,-246,-1201,317,-262,-1188,974,-316,-1267,279,-323,-1259,925,-318,-1310,304,-314,-1302,906,-293,-1216,338,-294,-1212,867,-13,-44,655,4,44,814,-300,396,574,-320,540,781,-498,1397,616,-523,1369,785,-519,1482,641,-541,1441,737,-649,1205,598,-675,1110,
556,415,-1769,586,478,-1780,609,485,-1780,633,493,-1780,515,465,-1750,497,461,-1750,483,458,-1751,699,507,-1581,469,461,-1439,607,374,-1673,537,355,-1631,898,348,-1254,449,284,-1154,996,37,-1142,359,3,-1118,978,-211,-1228,298,-279,-1268,1008,-272,-1318,250,-340,-1369,954,-271,-1371,286,-333,-1424,928,-251,-1254,325,-311,-1299,842,26,-34,626,38,34,777,-222,675,573,-293,756,739,-303,1592,609,-304,1548,738,-302,1672,634,-293,1619,699,-431,1453,602,-419,1354,
532,423,-1763,563,491,-1779,586,496,-1779,608,503,-1779,494,481,-1745,477,479,-1745,463,478,-1746,676,518,-1597,454,478,-1436,583,380,-1672,516,362,-1625,876,380,-1264,426,287,-1144,992,48,-1146,351,14,-1088,973,-188,-1232,284,-278,-1246,1000,-248,-1323,234,-342,-1345,948,-246,-1373,270,-335,-1407,923,-227,-1257,312,-312,-1281,823,35,-29,611,45,30,765,-210,648,562,-274,705,740,-333,1538,598,-325,1510,743,-341,1613,626,-325,1580,703,-463,1367,596,-434,1295,
507,449,-1785,534,520,-1804,559,526,-1804,581,532,-1804,468,506,-1767,453,503,-1768,440,501,-1768,654,543,-1628,437,496,-1456,563,401,-1697,497,387,-1646,856,397,-1291,406,295,-1159,972,52,-1140,339,12,-1071,956,-221,-1192,264,-283,-1223,974,-292,-1278,214,-345,-1319,925,-296,-1324,242,-339,-1386,906,-273,-1213,285,-316,-1259,808,41,-23,597,47,23,753,-219,656,551,-277,688,743,-379,1571,582,-404,1512,750,-393,1648,608,-406,1584,705,-529,1375,591,-546,1269,
